100
42
11
1
2018
71198
40445
97437
67731
17979
19197
5308
48772
48568
81701
86023
65688
44084
35900
59894
255
36648
68960
58186
5
91030
30442
18685
4
87684
74499
95
40352
23237
6
50899
7393
37492
46827
88923
10
57184
90717
1523
31970
35448
1608
33135
82249
84751
30113
98485
34541
9
57477
21031
91982
62559
56331
45810
85736
6000
9931
81908
7734
96580
75924
58461
52904
2
100000
7
90211
31014
25480
3
11361
46554
42976
46853
26576
8854
85772
96855
99999
40091
30433
11485
74369
21310
33464
20006
86157
8
84636
40833
79526
36505
84461
18748
75134
